========================================
Critical Point Analysis (DIM=3)
========================================

p_c values from each run:
Run 1: 0.565657
Run 2: 0.585859
Run 3: 0.575758
Run 4: 0.575758
Run 5: 0.575758
Run 6: 0.565657
Run 7: 0.525253
Run 8: 0.575758
Run 9: 0.575758
Run 10: 0.565657
Run 11: 0.565657
Run 12: 0.555556
Run 13: 0.575758
Run 14: 0.555556
Run 15: 0.565657
Run 16: 0.565657
Run 17: 0.565657
Run 18: 0.575758
Run 19: 0.575758
Run 20: 0.575758
Run 21: 0.575758
Run 22: 0.565657
Run 23: 0.555556
Run 24: 0.575758
Run 25: 0.565657
Run 26: 0.555556
Run 27: 0.585859
Run 28: 0.565657
Run 29: 0.565657
Run 30: 0.565657
Run 31: 0.585859
Run 32: 0.565657
Run 33: 0.585859
Run 34: 0.565657
Run 35: 0.565657
Run 36: 0.575758
Run 37: 0.555556
Run 38: 0.575758
Run 39: 0.565657
Run 40: 0.575758
Run 41: 0.555556
Run 42: 0.555556
Run 43: 0.585859
Run 44: 0.565657
Run 45: 0.575758
Run 46: 0.575758
Run 47: 0.575758
Run 48: 0.575758
Run 49: 0.555556
Run 50: 0.565657

Average p_c: 0.568889
Standard deviation: 0.010774

========================================
Test Performance Metrics (DIM=3)
========================================

System: 3^2, p-range: 0.55-0.65
--------------------------------------------------
Run | Accuracy | Avg Perc | Avg Non-Perc
----|----------|----------|------------
  1 | 0.7900 | 0.6837 | 0.4939
  2 | 0.7300 | 0.6505 | 0.4610
  3 | 0.7200 | 0.6578 | 0.5529
  4 | 0.7600 | 0.6595 | 0.4682
  5 | 0.7700 | 0.6667 | 0.4963
  6 | 0.8200 | 0.7021 | 0.4573
  7 | 0.7400 | 0.7620 | 0.5627
  8 | 0.7800 | 0.6601 | 0.4512
  9 | 0.7500 | 0.6563 | 0.4443
 10 | 0.7800 | 0.6860 | 0.4662
 11 | 0.7800 | 0.6573 | 0.4814
 12 | 0.7400 | 0.6778 | 0.4642
 13 | 0.8700 | 0.6780 | 0.4074
 14 | 0.8100 | 0.7133 | 0.4996
 15 | 0.7800 | 0.7126 | 0.5462
 16 | 0.7600 | 0.6740 | 0.4559
 17 | 0.7800 | 0.7292 | 0.5454
 18 | 0.8000 | 0.6751 | 0.4639
 19 | 0.8200 | 0.6609 | 0.4207
 20 | 0.7700 | 0.6687 | 0.4605
 21 | 0.7100 | 0.6662 | 0.5001
 22 | 0.8300 | 0.6923 | 0.4921
 23 | 0.9300 | 0.7306 | 0.4057
 24 | 0.8500 | 0.7043 | 0.4236
 25 | 0.8100 | 0.7006 | 0.4548
 26 | 0.8200 | 0.7264 | 0.5594
 27 | 0.7300 | 0.6152 | 0.4485
 28 | 0.8300 | 0.7008 | 0.4577
 29 | 0.8100 | 0.7129 | 0.4782
 30 | 0.8000 | 0.7033 | 0.4500
 31 | 0.8500 | 0.7016 | 0.4190
 32 | 0.8100 | 0.6719 | 0.4349
 33 | 0.7900 | 0.6284 | 0.3616
 34 | 0.7700 | 0.6835 | 0.5439
 35 | 0.8200 | 0.6881 | 0.3969
 36 | 0.8100 | 0.6933 | 0.4636
 37 | 0.8000 | 0.7392 | 0.5097
 38 | 0.7800 | 0.6676 | 0.4524
 39 | 0.7900 | 0.6727 | 0.4931
 40 | 0.7700 | 0.6669 | 0.4580
 41 | 0.7400 | 0.7233 | 0.5464
 42 | 0.8300 | 0.6963 | 0.5238
 43 | 0.8000 | 0.6809 | 0.4713
 44 | 0.8200 | 0.6948 | 0.4634
 45 | 0.8600 | 0.7503 | 0.5124
 46 | 0.8200 | 0.6644 | 0.4486
 47 | 0.8400 | 0.6851 | 0.4548
 48 | 0.8000 | 0.6827 | 0.4861
 49 | 0.7500 | 0.6990 | 0.5110
 50 | 0.8200 | 0.6961 | 0.4724

Summary Statistics:
Accuracy: 0.7948 ± 0.0415
Avg Perc: 0.6874 ± 0.0286
Avg Non-Perc: 0.4739 ± 0.0437
==================================================

System: 3^3, p-range: 0.55-0.65
--------------------------------------------------
Run | Accuracy | Avg Perc | Avg Non-Perc
----|----------|----------|------------
  1 | 0.7300 | 0.7643 | 0.5129
  2 | 0.8000 | 0.6871 | 0.3852
  3 | 0.7800 | 0.7532 | 0.4044
  4 | 0.7200 | 0.7188 | 0.4565
  5 | 0.7800 | 0.7268 | 0.4117
  6 | 0.7900 | 0.7490 | 0.4829
  7 | 0.6700 | 0.9190 | 0.8133
  8 | 0.8200 | 0.7230 | 0.4464
  9 | 0.8100 | 0.7296 | 0.4283
 10 | 0.8000 | 0.7614 | 0.4945
 11 | 0.7800 | 0.7313 | 0.4295
 12 | 0.7800 | 0.8400 | 0.5701
 13 | 0.8300 | 0.7606 | 0.3628
 14 | 0.7400 | 0.8126 | 0.5626
 15 | 0.8500 | 0.8138 | 0.4721
 16 | 0.7800 | 0.7996 | 0.5108
 17 | 0.7600 | 0.7899 | 0.5371
 18 | 0.7700 | 0.7234 | 0.4531
 19 | 0.8400 | 0.7208 | 0.3726
 20 | 0.7400 | 0.7551 | 0.4334
 21 | 0.7700 | 0.7489 | 0.4561
 22 | 0.8200 | 0.7834 | 0.4112
 23 | 0.7700 | 0.7804 | 0.5695
 24 | 0.7800 | 0.7588 | 0.4900
 25 | 0.7300 | 0.7886 | 0.5372
 26 | 0.8200 | 0.8003 | 0.5214
 27 | 0.8200 | 0.7145 | 0.3790
 28 | 0.7900 | 0.7585 | 0.4245
 29 | 0.7900 | 0.8086 | 0.4792
 30 | 0.8100 | 0.7869 | 0.5039
 31 | 0.7700 | 0.7174 | 0.3986
 32 | 0.7800 | 0.7686 | 0.4844
 33 | 0.7600 | 0.6025 | 0.3122
 34 | 0.8800 | 0.7817 | 0.3800
 35 | 0.8000 | 0.7621 | 0.4307
 36 | 0.8000 | 0.7585 | 0.4632
 37 | 0.7700 | 0.8499 | 0.6213
 38 | 0.8400 | 0.7573 | 0.4269
 39 | 0.7600 | 0.7344 | 0.4733
 40 | 0.7400 | 0.6946 | 0.4347
 41 | 0.8400 | 0.8368 | 0.5003
 42 | 0.7700 | 0.8123 | 0.5496
 43 | 0.7200 | 0.6224 | 0.2416
 44 | 0.7700 | 0.7298 | 0.4721
 45 | 0.7500 | 0.7472 | 0.4475
 46 | 0.7100 | 0.7214 | 0.4878
 47 | 0.7600 | 0.7288 | 0.4217
 48 | 0.7500 | 0.7238 | 0.4607
 49 | 0.7900 | 0.8224 | 0.5518
 50 | 0.7600 | 0.7603 | 0.5511

Summary Statistics:
Accuracy: 0.7798 ± 0.0392
Avg Perc: 0.7588 ± 0.0528
Avg Non-Perc: 0.4684 ± 0.0850
==================================================

System: 3^4, p-range: 0.55-0.65
--------------------------------------------------
Run | Accuracy | Avg Perc | Avg Non-Perc
----|----------|----------|------------
  1 | 0.8300 | 0.8622 | 0.3165
  2 | 0.8500 | 0.7447 | 0.1101
  3 | 0.8900 | 0.9085 | 0.2784
  4 | 0.8300 | 0.7931 | 0.1810
  5 | 0.9100 | 0.8497 | 0.1610
  6 | 0.8800 | 0.9042 | 0.3247
  7 | 0.6600 | 0.9852 | 0.9485
  8 | 0.8900 | 0.8461 | 0.1876
  9 | 0.8400 | 0.8309 | 0.2904
 10 | 0.8800 | 0.8647 | 0.2644
 11 | 0.9000 | 0.8310 | 0.1933
 12 | 0.7600 | 0.9523 | 0.5747
 13 | 0.8900 | 0.8519 | 0.1905
 14 | 0.8200 | 0.9388 | 0.4381
 15 | 0.8300 | 0.9036 | 0.4097
 16 | 0.8700 | 0.8923 | 0.3224
 17 | 0.7500 | 0.9331 | 0.5629
 18 | 0.9200 | 0.8508 | 0.1344
 19 | 0.9100 | 0.8301 | 0.1171
 20 | 0.8900 | 0.8658 | 0.2222
 21 | 0.8500 | 0.8170 | 0.2357
 22 | 0.8900 | 0.9349 | 0.3161
 23 | 0.8800 | 0.9266 | 0.3920
 24 | 0.8700 | 0.8881 | 0.2730
 25 | 0.8600 | 0.9056 | 0.3468
 26 | 0.8100 | 0.9438 | 0.4842
 27 | 0.7900 | 0.6390 | 0.1073
 28 | 0.8700 | 0.8576 | 0.2860
 29 | 0.8200 | 0.9044 | 0.4129
 30 | 0.8900 | 0.9060 | 0.2902
 31 | 0.8400 | 0.8004 | 0.2063
 32 | 0.8700 | 0.9165 | 0.4633
 33 | 0.8400 | 0.7309 | 0.0947
 34 | 0.8700 | 0.8419 | 0.3183
 35 | 0.9300 | 0.8872 | 0.2041
 36 | 0.8700 | 0.8546 | 0.1887
 37 | 0.7600 | 0.9461 | 0.6614
 38 | 0.8600 | 0.8580 | 0.2315
 39 | 0.8200 | 0.8425 | 0.3365
 40 | 0.9100 | 0.8471 | 0.2143
 41 | 0.7800 | 0.9402 | 0.4930
 42 | 0.8400 | 0.9213 | 0.4173
 43 | 0.8300 | 0.7086 | 0.0503
 44 | 0.9000 | 0.9059 | 0.2474
 45 | 0.7700 | 0.8377 | 0.4493
 46 | 0.8600 | 0.8464 | 0.2125
 47 | 0.9200 | 0.8755 | 0.2416
 48 | 0.8500 | 0.8328 | 0.3013
 49 | 0.8700 | 0.9038 | 0.3720
 50 | 0.8900 | 0.9044 | 0.3246

Summary Statistics:
Accuracy: 0.8522 ± 0.0514
Avg Perc: 0.8673 ± 0.0647
Avg Non-Perc: 0.3080 ± 0.1592
==================================================

System: 3^5, p-range: 0.55-0.65
--------------------------------------------------
Run | Accuracy | Avg Perc | Avg Non-Perc
----|----------|----------|------------
  1 | 0.9000 | 0.9779 | 0.2899
  2 | 0.9500 | 0.8814 | 0.0401
  3 | 0.9400 | 0.9794 | 0.1539
  4 | 0.9000 | 0.8512 | 0.0628
  5 | 0.8900 | 0.8041 | 0.0385
  6 | 0.8700 | 0.9800 | 0.3099
  7 | 0.7000 | 0.9895 | 0.9861
  8 | 0.9500 | 0.9147 | 0.0524
  9 | 0.9400 | 0.9629 | 0.1396
 10 | 0.8500 | 0.9140 | 0.2055
 11 | 0.9000 | 0.9630 | 0.2487
 12 | 0.7700 | 0.9881 | 0.4693
 13 | 0.9600 | 0.9433 | 0.0834
 14 | 0.8900 | 0.9843 | 0.3333
 15 | 0.8600 | 0.9785 | 0.3401
 16 | 0.8700 | 0.9604 | 0.2924
 17 | 0.8500 | 0.9857 | 0.4350
 18 | 0.9900 | 0.9611 | 0.0396
 19 | 0.9300 | 0.9392 | 0.1114
 20 | 0.9400 | 0.9559 | 0.1717
 21 | 0.9400 | 0.9340 | 0.1257
 22 | 0.9400 | 0.9813 | 0.1726
 23 | 0.8600 | 0.9841 | 0.3851
 24 | 0.9500 | 0.9650 | 0.1467
 25 | 0.9500 | 0.9853 | 0.1437
 26 | 0.7800 | 0.9875 | 0.5154
 27 | 0.8900 | 0.7832 | 0.0270
 28 | 0.8700 | 0.9480 | 0.2311
 29 | 0.8700 | 0.9894 | 0.2988
 30 | 0.9200 | 0.9784 | 0.2305
 31 | 0.9600 | 0.8808 | 0.0042
 32 | 0.9000 | 0.9670 | 0.2743
 33 | 0.8800 | 0.7742 | 0.0033
 34 | 0.9700 | 0.9671 | 0.0930
 35 | 0.9300 | 0.9335 | 0.1163
 36 | 0.9300 | 0.9529 | 0.1513
 37 | 0.7000 | 0.9899 | 0.7439
 38 | 0.9100 | 0.9035 | 0.1534
 39 | 0.9100 | 0.9599 | 0.2210
 40 | 0.9100 | 0.8811 | 0.1393
 41 | 0.8800 | 0.9905 | 0.3324
 42 | 0.8200 | 0.9787 | 0.4727
 43 | 0.8700 | 0.7627 | 0.0048
 44 | 0.9500 | 0.9571 | 0.1016
 45 | 0.9000 | 0.9559 | 0.1937
 46 | 0.9200 | 0.9233 | 0.1250
 47 | 0.9400 | 0.9335 | 0.1262
 48 | 0.9600 | 0.9474 | 0.1120
 49 | 0.8000 | 0.9874 | 0.4134
 50 | 0.8900 | 0.9801 | 0.2484

Summary Statistics:
Accuracy: 0.8950 ± 0.0617
Avg Perc: 0.9416 ± 0.0576
Avg Non-Perc: 0.2222 ± 0.1863
==================================================



========================================
Critical Point Analysis (DIM=4)
========================================

p_c values from each run:
Run 1: 0.585859
Run 2: 0.585859
Run 3: 0.585859
Run 4: 0.575758
Run 5: 0.565657
Run 6: 0.595960
Run 7: 0.575758
Run 8: 0.595960
Run 9: 0.585859
Run 10: 0.575758
Run 11: 0.575758
Run 12: 0.575758
Run 13: 0.606061
Run 14: 0.585859
Run 15: 0.585859
Run 16: 0.545455
Run 17: 0.565657
Run 18: 0.575758
Run 19: 0.565657
Run 20: 0.585859
Run 21: 0.575758
Run 22: 0.575758
Run 23: 0.555556
Run 24: 0.585859
Run 25: 0.565657
Run 26: 0.575758
Run 27: 0.585859
Run 28: 0.585859
Run 29: 0.565657
Run 30: 0.585859
Run 31: 0.585859
Run 32: 0.585859
Run 33: 0.595960
Run 34: 0.585859
Run 35: 0.585859
Run 36: 0.565657
Run 37: 0.555556
Run 38: 0.565657
Run 39: 0.555556
Run 40: 0.575758
Run 41: 0.575758
Run 42: 0.565657
Run 43: 0.555556
Run 44: 0.575758
Run 45: 0.585859
Run 46: 0.585859
Run 47: 0.595960
Run 48: 0.575758
Run 49: 0.575758
Run 50: 0.565657

Average p_c: 0.577374
Standard deviation: 0.012348

========================================
Test Performance Metrics (DIM=4)
========================================

System: 4^2, p-range: 0.55-0.65
--------------------------------------------------
Run | Accuracy | Avg Perc | Avg Non-Perc
----|----------|----------|------------
  1 | 0.8000 | 0.6809 | 0.4890
  2 | 0.7300 | 0.6754 | 0.5643
  3 | 0.6400 | 0.6386 | 0.5071
  4 | 0.8100 | 0.6772 | 0.5095
  5 | 0.7500 | 0.6805 | 0.5525
  6 | 0.7200 | 0.6368 | 0.4520
  7 | 0.7400 | 0.6669 | 0.5014
  8 | 0.7200 | 0.6145 | 0.4957
  9 | 0.8400 | 0.6490 | 0.4446
 10 | 0.7900 | 0.6738 | 0.5224
 11 | 0.7800 | 0.6770 | 0.5221
 12 | 0.8400 | 0.6745 | 0.4697
 13 | 0.7900 | 0.5892 | 0.4619
 14 | 0.8100 | 0.6583 | 0.4880
 15 | 0.7600 | 0.6438 | 0.5076
 16 | 0.7500 | 0.7353 | 0.6228
 17 | 0.7300 | 0.6812 | 0.5443
 18 | 0.7700 | 0.6742 | 0.5219
 19 | 0.8200 | 0.6920 | 0.5451
 20 | 0.8400 | 0.6508 | 0.4598
 21 | 0.7900 | 0.6686 | 0.4916
 22 | 0.8500 | 0.6871 | 0.4550
 23 | 0.8000 | 0.7541 | 0.5766
 24 | 0.7200 | 0.6562 | 0.5192
 25 | 0.8600 | 0.7353 | 0.5671
 26 | 0.7200 | 0.6890 | 0.5234
 27 | 0.8400 | 0.6530 | 0.4860
 28 | 0.8400 | 0.6923 | 0.5134
 29 | 0.8100 | 0.6816 | 0.4885
 30 | 0.7800 | 0.6394 | 0.4651
 31 | 0.7300 | 0.6114 | 0.4950
 32 | 0.8000 | 0.6772 | 0.5214
 33 | 0.7400 | 0.6423 | 0.5062
 34 | 0.8300 | 0.6629 | 0.4643
 35 | 0.7800 | 0.6582 | 0.4615
 36 | 0.8000 | 0.7012 | 0.5468
 37 | 0.7900 | 0.7157 | 0.5621
 38 | 0.7900 | 0.6888 | 0.5160
 39 | 0.8000 | 0.7309 | 0.5285
 40 | 0.7500 | 0.6998 | 0.5281
 41 | 0.8000 | 0.6766 | 0.5120
 42 | 0.8700 | 0.6874 | 0.5069
 43 | 0.7800 | 0.7389 | 0.6144
 44 | 0.7600 | 0.7029 | 0.5126
 45 | 0.7200 | 0.6344 | 0.5102
 46 | 0.8900 | 0.6614 | 0.4404
 47 | 0.7900 | 0.6060 | 0.4074
 48 | 0.7700 | 0.6878 | 0.5268
 49 | 0.7900 | 0.6482 | 0.5353
 50 | 0.8400 | 0.7010 | 0.5733

Summary Statistics:
Accuracy: 0.7852 ± 0.0477
Avg Perc: 0.6732 ± 0.0341
Avg Non-Perc: 0.5107 ± 0.0426
==================================================

System: 4^3, p-range: 0.55-0.65
--------------------------------------------------
Run | Accuracy | Avg Perc | Avg Non-Perc
----|----------|----------|------------
  1 | 0.8900 | 0.7815 | 0.2810
  2 | 0.8600 | 0.8099 | 0.3511
  3 | 0.8400 | 0.7905 | 0.3421
  4 | 0.7800 | 0.7937 | 0.3871
  5 | 0.8400 | 0.7926 | 0.4441
  6 | 0.8200 | 0.7061 | 0.2082
  7 | 0.7700 | 0.7579 | 0.4112
  8 | 0.8300 | 0.6558 | 0.2170
  9 | 0.9000 | 0.7636 | 0.2010
 10 | 0.8400 | 0.8116 | 0.4128
 11 | 0.8300 | 0.8086 | 0.3894
 12 | 0.8600 | 0.8213 | 0.3756
 13 | 0.8000 | 0.5406 | 0.1967
 14 | 0.7800 | 0.6765 | 0.2748
 15 | 0.8200 | 0.7308 | 0.3131
 16 | 0.6700 | 0.9021 | 0.6817
 17 | 0.8200 | 0.8298 | 0.4780
 18 | 0.8300 | 0.7991 | 0.4393
 19 | 0.8100 | 0.8432 | 0.4835
 20 | 0.7800 | 0.7136 | 0.3238
 21 | 0.8700 | 0.7294 | 0.2510
 22 | 0.9000 | 0.8034 | 0.3824
 23 | 0.7700 | 0.9172 | 0.6912
 24 | 0.8600 | 0.7499 | 0.2964
 25 | 0.7600 | 0.8778 | 0.5634
 26 | 0.7700 | 0.7821 | 0.4501
 27 | 0.8500 | 0.7265 | 0.2807
 28 | 0.8500 | 0.7835 | 0.3100
 29 | 0.8000 | 0.8371 | 0.4426
 30 | 0.8500 | 0.6610 | 0.1861
 31 | 0.8300 | 0.7214 | 0.2427
 32 | 0.8500 | 0.7798 | 0.3689
 33 | 0.8800 | 0.7453 | 0.2297
 34 | 0.8400 | 0.7209 | 0.2749
 35 | 0.8600 | 0.6939 | 0.3169
 36 | 0.8100 | 0.8184 | 0.5149
 37 | 0.8600 | 0.8141 | 0.4987
 38 | 0.8200 | 0.8099 | 0.4452
 39 | 0.7300 | 0.9000 | 0.6059
 40 | 0.8300 | 0.7917 | 0.3899
 41 | 0.8300 | 0.8227 | 0.4779
 42 | 0.9000 | 0.8261 | 0.4487
 43 | 0.7300 | 0.8954 | 0.6258
 44 | 0.8800 | 0.7999 | 0.3793
 45 | 0.8600 | 0.6972 | 0.2198
 46 | 0.7500 | 0.6384 | 0.2786
 47 | 0.8000 | 0.6312 | 0.2178
 48 | 0.8800 | 0.8402 | 0.4182
 49 | 0.8800 | 0.7143 | 0.3385
 50 | 0.8300 | 0.8164 | 0.5060

Summary Statistics:
Accuracy: 0.8260 ± 0.0481
Avg Perc: 0.7735 ± 0.0753
Avg Non-Perc: 0.3773 ± 0.1256
==================================================

System: 4^4, p-range: 0.55-0.65
--------------------------------------------------
Run | Accuracy | Avg Perc | Avg Non-Perc
----|----------|----------|------------
  1 | 0.9400 | 0.8912 | 0.0504
  2 | 0.9100 | 0.9102 | 0.1959
  3 | 0.9000 | 0.9143 | 0.2242
  4 | 0.9500 | 0.9170 | 0.1337
  5 | 0.9100 | 0.9634 | 0.2840
  6 | 0.8800 | 0.7834 | 0.0067
  7 | 0.9200 | 0.9518 | 0.1523
  8 | 0.8700 | 0.7184 | 0.0294
  9 | 0.9000 | 0.8027 | 0.0486
 10 | 0.8500 | 0.9556 | 0.3833
 11 | 0.9500 | 0.9243 | 0.1262
 12 | 0.9400 | 0.9150 | 0.1358
 13 | 0.7400 | 0.5266 | 0.0055
 14 | 0.9200 | 0.8125 | 0.0326
 15 | 0.9300 | 0.8655 | 0.0771
 16 | 0.7000 | 0.9673 | 0.8923
 17 | 0.8600 | 0.9648 | 0.3619
 18 | 0.8800 | 0.9440 | 0.2818
 19 | 0.8800 | 0.9240 | 0.3421
 20 | 0.9600 | 0.8871 | 0.0776
 21 | 0.9100 | 0.8216 | 0.0689
 22 | 0.9000 | 0.9299 | 0.2704
 23 | 0.6900 | 0.9843 | 0.8355
 24 | 0.9400 | 0.8662 | 0.0659
 25 | 0.7900 | 0.9831 | 0.5357
 26 | 0.8900 | 0.9243 | 0.2249
 27 | 0.9600 | 0.8442 | 0.0360
 28 | 0.9400 | 0.8727 | 0.0716
 29 | 0.9300 | 0.9491 | 0.2388
 30 | 0.8900 | 0.7478 | 0.0268
 31 | 0.9100 | 0.8223 | 0.0075
 32 | 0.8900 | 0.9586 | 0.2492
 33 | 0.9300 | 0.8277 | 0.0194
 34 | 0.9700 | 0.9131 | 0.0704
 35 | 0.9000 | 0.7988 | 0.0925
 36 | 0.8600 | 0.9639 | 0.3866
 37 | 0.8000 | 0.9516 | 0.4823
 38 | 0.8400 | 0.9491 | 0.3275
 39 | 0.7700 | 0.9708 | 0.6562
 40 | 0.9500 | 0.9267 | 0.1984
 41 | 0.8500 | 0.9488 | 0.3410
 42 | 0.8100 | 0.9381 | 0.4179
 43 | 0.7600 | 0.9732 | 0.7341
 44 | 0.9000 | 0.9508 | 0.2020
 45 | 0.9100 | 0.7951 | 0.0339
 46 | 0.9100 | 0.7782 | 0.0338
 47 | 0.8700 | 0.7214 | 0.0081
 48 | 0.8800 | 0.9383 | 0.2966
 49 | 0.9100 | 0.8159 | 0.1888
 50 | 0.8200 | 0.9177 | 0.4043

Summary Statistics:
Accuracy: 0.8814 ± 0.0650
Avg Perc: 0.8864 ± 0.0881
Avg Non-Perc: 0.2273 ± 0.2158
==================================================

System: 4^5, p-range: 0.55-0.65
--------------------------------------------------
Run | Accuracy | Avg Perc | Avg Non-Perc
----|----------|----------|------------
  1 | 0.9600 | 0.9254 | 0.0082
  2 | 0.9700 | 0.9790 | 0.0715
  3 | 0.9500 | 0.9819 | 0.1072
  4 | 0.9700 | 0.9843 | 0.0736
  5 | 0.8700 | 0.9816 | 0.2981
  6 | 0.9100 | 0.8209 | 0.0001
  7 | 0.9000 | 0.9754 | 0.2045
  8 | 0.8600 | 0.7312 | 0.0003
  9 | 0.9300 | 0.8684 | 0.0151
 10 | 0.9000 | 0.9852 | 0.2431
 11 | 0.9500 | 0.9673 | 0.1080
 12 | 0.9300 | 0.9720 | 0.1493
 13 | 0.8300 | 0.6391 | 0.0002
 14 | 0.9100 | 0.8607 | 0.0002
 15 | 0.9700 | 0.9185 | 0.0073
 16 | 0.6500 | 0.9756 | 0.9582
 17 | 0.8600 | 0.9800 | 0.3535
 18 | 0.9300 | 0.9820 | 0.1976
 19 | 0.8400 | 0.9595 | 0.3488
 20 | 0.9800 | 0.9618 | 0.0687
 21 | 0.9600 | 0.8889 | 0.0267
 22 | 0.9200 | 0.9812 | 0.1862
 23 | 0.6200 | 0.9897 | 0.8007
 24 | 1.0000 | 0.9613 | 0.0060
 25 | 0.7600 | 0.9903 | 0.6131
 26 | 0.9000 | 0.9739 | 0.2652
 27 | 0.9400 | 0.8588 | 0.0029
 28 | 0.9700 | 0.9427 | 0.0326
 29 | 0.8800 | 0.9736 | 0.2435
 30 | 0.9300 | 0.8698 | 0.0002
 31 | 0.9100 | 0.8106 | 0.0006
 32 | 0.9100 | 0.9928 | 0.1929
 33 | 0.9400 | 0.8812 | 0.0015
 34 | 0.9800 | 0.9220 | 0.0104
 35 | 0.9400 | 0.8329 | 0.0128
 36 | 0.8800 | 0.9777 | 0.2655
 37 | 0.7200 | 0.9742 | 0.5789
 38 | 0.8500 | 0.9851 | 0.3256
 39 | 0.7200 | 0.9808 | 0.7098
 40 | 0.9500 | 0.9746 | 0.1073
 41 | 0.9100 | 0.9762 | 0.2271
 42 | 0.8500 | 0.9693 | 0.3450
 43 | 0.6900 | 0.9792 | 0.7570
 44 | 0.8600 | 0.9845 | 0.2715
 45 | 0.9900 | 0.9305 | 0.0002
 46 | 0.9000 | 0.7804 | 0.0002
 47 | 0.8700 | 0.7899 | 0.0004
 48 | 0.9300 | 0.9790 | 0.1805
 49 | 0.9000 | 0.8801 | 0.1816
 50 | 0.8000 | 0.9461 | 0.4301

Summary Statistics:
Accuracy: 0.8890 ± 0.0860
Avg Perc: 0.9285 ± 0.0770
Avg Non-Perc: 0.1998 ± 0.2356
==================================================



========================================
Critical Point Analysis (DIM=5)
========================================

p_c values from each run:
Run 1: 0.555556
Run 2: 0.565657
Run 3: 0.585859
Run 4: 0.585859
Run 5: 0.595960
Run 6: 0.575758
Run 7: 0.565657
Run 8: 0.535354
Run 9: 0.545455
Run 10: 0.595960
Run 11: 0.575758
Run 12: 0.595960
Run 13: 0.515152
Run 14: 0.575758
Run 15: 0.555556
Run 16: 0.585859
Run 17: 0.545455
Run 18: 0.606061
Run 19: 0.868687
Run 20: 0.606061
Run 21: 0.575758
Run 22: 0.898990
Run 23: 0.575758
Run 24: 0.585859
Run 25: 0.595960
Run 26: 0.575758
Run 27: 0.505051
Run 28: 0.575758
Run 29: 0.565657
Run 30: 0.575758
Run 31: 0.585859
Run 32: 0.575758
Run 33: 0.545455
Run 34: 0.585859
Run 35: 0.616162
Run 36: 0.595960
Run 37: 0.575758
Run 38: 0.585859
Run 39: 0.575758
Run 40: 0.575758
Run 41: 0.575758
Run 42: 0.585859
Run 43: 0.595960
Run 44: 0.575758
Run 45: 0.585859
Run 46: 0.585859
Run 47: 0.595960
Run 48: 0.585859
Run 49: 0.595960
Run 50: 0.575758

Average p_c: 0.588889
Standard deviation: 0.063828

========================================
Test Performance Metrics (DIM=5)
========================================

System: 5^2, p-range: 0.55-0.65
--------------------------------------------------
Run | Accuracy | Avg Perc | Avg Non-Perc
----|----------|----------|------------
  1 | 0.7000 | 0.7519 | 0.6185
  2 | 0.7600 | 0.6985 | 0.5646
  3 | 0.7800 | 0.6555 | 0.4840
  4 | 0.8100 | 0.6833 | 0.5121
  5 | 0.7500 | 0.6626 | 0.5271
  6 | 0.7600 | 0.6903 | 0.5506
  7 | 0.7900 | 0.6995 | 0.6134
  8 | 0.7300 | 0.7420 | 0.6336
  9 | 0.5800 | 0.7476 | 0.6193
 10 | 0.8400 | 0.6635 | 0.4622
 11 | 0.8000 | 0.6843 | 0.5628
 12 | 0.7800 | 0.6417 | 0.4944
 13 | 0.6800 | 0.7518 | 0.6715
 14 | 0.6900 | 0.7007 | 0.5711
 15 | 0.7000 | 0.7454 | 0.6056
 16 | 0.8600 | 0.6725 | 0.4841
 17 | 0.7300 | 0.7417 | 0.6190
 18 | 0.7700 | 0.6055 | 0.4857
 19 | 0.7500 | 0.6449 | 0.5361
 20 | 0.8600 | 0.6482 | 0.4577
 21 | 0.7700 | 0.7001 | 0.5749
 22 | 0.7200 | 0.6284 | 0.5206
 23 | 0.7500 | 0.7208 | 0.5546
 24 | 0.7500 | 0.6571 | 0.5214
 25 | 0.7800 | 0.6359 | 0.4845
 26 | 0.8100 | 0.6897 | 0.5560
 27 | 0.7100 | 0.7428 | 0.6843
 28 | 0.7800 | 0.6789 | 0.5548
 29 | 0.7400 | 0.7212 | 0.5860
 30 | 0.8200 | 0.6850 | 0.4975
 31 | 0.8200 | 0.6571 | 0.4949
 32 | 0.8100 | 0.6966 | 0.5275
 33 | 0.7700 | 0.7463 | 0.6314
 34 | 0.7500 | 0.6738 | 0.5163
 35 | 0.7700 | 0.6070 | 0.4538
 36 | 0.7600 | 0.6262 | 0.5162
 37 | 0.8200 | 0.6882 | 0.5651
 38 | 0.7300 | 0.6637 | 0.5268
 39 | 0.8000 | 0.7095 | 0.5607
 40 | 0.8400 | 0.6815 | 0.5108
 41 | 0.7600 | 0.6696 | 0.5622
 42 | 0.7200 | 0.6662 | 0.5264
 43 | 0.8100 | 0.6244 | 0.4602
 44 | 0.7700 | 0.6785 | 0.5481
 45 | 0.7800 | 0.6440 | 0.5035
 46 | 0.8000 | 0.6761 | 0.5000
 47 | 0.8300 | 0.6464 | 0.4703
 48 | 0.7700 | 0.6930 | 0.5236
 49 | 0.7800 | 0.6360 | 0.4754
 50 | 0.7800 | 0.6785 | 0.5175

Summary Statistics:
Accuracy: 0.7684 ± 0.0499
Avg Perc: 0.6811 ± 0.0385
Avg Non-Perc: 0.5400 ± 0.0554
==================================================

System: 5^3, p-range: 0.55-0.65
--------------------------------------------------
Run | Accuracy | Avg Perc | Avg Non-Perc
----|----------|----------|------------
  1 | 0.6300 | 0.9056 | 0.7312
  2 | 0.7600 | 0.8984 | 0.5217
  3 | 0.9500 | 0.7845 | 0.2313
  4 | 0.8700 | 0.7967 | 0.2794
  5 | 0.8600 | 0.7104 | 0.2370
  6 | 0.8200 | 0.8429 | 0.5123
  7 | 0.8000 | 0.8579 | 0.5504
  8 | 0.6300 | 0.8852 | 0.7597
  9 | 0.7200 | 0.8948 | 0.7233
 10 | 0.9400 | 0.7892 | 0.2241
 11 | 0.8500 | 0.8529 | 0.4861
 12 | 0.9100 | 0.7395 | 0.2212
 13 | 0.5800 | 0.8761 | 0.8182
 14 | 0.8700 | 0.8707 | 0.4154
 15 | 0.7700 | 0.9169 | 0.7030
 16 | 0.9200 | 0.7831 | 0.2496
 17 | 0.6900 | 0.9031 | 0.7332
 18 | 0.7900 | 0.5912 | 0.1632
 19 | 0.8800 | 0.6835 | 0.4437
 20 | 0.9000 | 0.7128 | 0.1465
 21 | 0.8300 | 0.8641 | 0.4571
 22 | 0.8900 | 0.6880 | 0.1796
 23 | 0.8300 | 0.8911 | 0.5115
 24 | 0.8800 | 0.7394 | 0.3053
 25 | 0.9300 | 0.7770 | 0.1960
 26 | 0.7600 | 0.8741 | 0.4558
 27 | 0.6700 | 0.8615 | 0.8141
 28 | 0.8600 | 0.8218 | 0.3564
 29 | 0.7700 | 0.8523 | 0.5673
 30 | 0.9400 | 0.8047 | 0.3450
 31 | 0.9100 | 0.7643 | 0.3018
 32 | 0.8700 | 0.8321 | 0.3816
 33 | 0.6600 | 0.8944 | 0.7604
 34 | 0.8900 | 0.8307 | 0.3260
 35 | 0.7500 | 0.6181 | 0.0716
 36 | 0.9500 | 0.7464 | 0.2561
 37 | 0.9100 | 0.8478 | 0.4202
 38 | 0.9000 | 0.8203 | 0.3592
 39 | 0.9000 | 0.8455 | 0.3882
 40 | 0.8700 | 0.7889 | 0.4058
 41 | 0.8600 | 0.8456 | 0.4122
 42 | 0.8800 | 0.7635 | 0.2994
 43 | 0.8800 | 0.6972 | 0.1500
 44 | 0.8100 | 0.8088 | 0.4596
 45 | 0.9100 | 0.7826 | 0.3506
 46 | 0.9200 | 0.7628 | 0.3248
 47 | 0.9000 | 0.7565 | 0.2574
 48 | 0.8900 | 0.8151 | 0.3475
 49 | 0.8500 | 0.7171 | 0.2252
 50 | 0.8900 | 0.8374 | 0.3452

Summary Statistics:
Accuracy: 0.8380 ± 0.0906
Avg Perc: 0.8049 ± 0.0744
Avg Non-Perc: 0.4036 ± 0.1895
==================================================

System: 5^4, p-range: 0.55-0.65
--------------------------------------------------
Run | Accuracy | Avg Perc | Avg Non-Perc
----|----------|----------|------------
  1 | 0.7400 | 0.9652 | 0.7532
  2 | 0.8100 | 0.9732 | 0.5427
  3 | 0.9800 | 0.9116 | 0.0355
  4 | 0.9600 | 0.9033 | 0.1270
  5 | 0.9600 | 0.8832 | 0.0299
  6 | 0.8800 | 0.9303 | 0.3298
  7 | 0.7200 | 0.9303 | 0.5057
  8 | 0.5700 | 0.9404 | 0.8971
  9 | 0.6000 | 0.9686 | 0.8710
 10 | 0.9100 | 0.8547 | 0.0280
 11 | 0.8900 | 0.9470 | 0.3218
 12 | 0.9800 | 0.8533 | 0.0359
 13 | 0.5800 | 0.9285 | 0.9020
 14 | 0.7800 | 0.9618 | 0.4526
 15 | 0.5600 | 0.9663 | 0.8273
 16 | 0.9700 | 0.8698 | 0.0562
 17 | 0.5100 | 0.9743 | 0.8751
 18 | 0.8100 | 0.6288 | 0.0034
 19 | 0.9900 | 0.7684 | 0.1816
 20 | 0.8200 | 0.6510 | 0.0027
 21 | 0.8400 | 0.9583 | 0.3817
 22 | 0.9300 | 0.7702 | 0.0267
 23 | 0.8500 | 0.9711 | 0.3843
 24 | 0.9300 | 0.8460 | 0.0795
 25 | 0.9200 | 0.8488 | 0.0553
 26 | 0.8700 | 0.9594 | 0.4096
 27 | 0.5400 | 0.9031 | 0.8847
 28 | 0.8500 | 0.9526 | 0.3356
 29 | 0.7500 | 0.9350 | 0.5650
 30 | 0.9300 | 0.9042 | 0.2381
 31 | 0.9500 | 0.9049 | 0.1207
 32 | 0.9300 | 0.9414 | 0.1879
 33 | 0.6200 | 0.9519 | 0.8871
 34 | 0.9800 | 0.9546 | 0.0700
 35 | 0.7500 | 0.5938 | 0.0008
 36 | 0.9400 | 0.8321 | 0.0524
 37 | 0.8900 | 0.9499 | 0.2698
 38 | 0.9500 | 0.9179 | 0.1304
 39 | 0.8500 | 0.9483 | 0.3725
 40 | 0.8500 | 0.8913 | 0.3208
 41 | 0.9100 | 0.9362 | 0.2654
 42 | 0.9500 | 0.9339 | 0.1279
 43 | 0.8800 | 0.7833 | 0.0032
 44 | 0.8700 | 0.9032 | 0.3027
 45 | 0.9700 | 0.8888 | 0.1229
 46 | 0.9700 | 0.8628 | 0.1250
 47 | 0.9400 | 0.8459 | 0.0225
 48 | 0.9600 | 0.9214 | 0.1210
 49 | 0.9100 | 0.7927 | 0.0195
 50 | 0.8900 | 0.9412 | 0.2389

Summary Statistics:
Accuracy: 0.8478 ± 0.1315
Avg Perc: 0.8911 ± 0.0863
Avg Non-Perc: 0.2980 ± 0.2891
==================================================

System: 5^5, p-range: 0.55-0.65
--------------------------------------------------
Run | Accuracy | Avg Perc | Avg Non-Perc
----|----------|----------|------------
  1 | 0.7500 | 0.9730 | 0.8350
  2 | 0.8100 | 0.9822 | 0.3807
  3 | 0.9900 | 0.9471 | 0.0067
  4 | 0.9500 | 0.9657 | 0.0975
  5 | 0.9700 | 0.9342 | 0.0136
  6 | 0.8300 | 0.9545 | 0.3681
  7 | 0.8300 | 0.9469 | 0.4734
  8 | 0.5200 | 0.9551 | 0.9443
  9 | 0.5800 | 0.9795 | 0.9394
 10 | 0.9500 | 0.8846 | 0.0006
 11 | 0.9000 | 0.9683 | 0.2358
 12 | 0.9500 | 0.8268 | 0.0007
 13 | 0.5200 | 0.9432 | 0.9364
 14 | 0.8500 | 0.9747 | 0.3441
 15 | 0.7100 | 0.9744 | 0.8099
 16 | 0.9500 | 0.9000 | 0.0162
 17 | 0.5900 | 0.9836 | 0.9582
 18 | 0.7200 | 0.4757 | 0.0001
 19 | 0.9300 | 0.8071 | 0.1490
 20 | 0.8600 | 0.6985 | 0.0002
 21 | 0.8200 | 0.9752 | 0.3814
 22 | 0.9000 | 0.7449 | 0.0004
 23 | 0.8100 | 0.9820 | 0.3796
 24 | 0.9900 | 0.9071 | 0.0140
 25 | 0.9500 | 0.8798 | 0.0001
 26 | 0.8500 | 0.9757 | 0.3627
 27 | 0.6900 | 0.9178 | 0.9118
 28 | 0.9100 | 0.9725 | 0.1994
 29 | 0.7500 | 0.9542 | 0.5100
 30 | 0.8600 | 0.9368 | 0.3318
 31 | 0.9800 | 0.9481 | 0.0643
 32 | 0.8900 | 0.9710 | 0.2213
 33 | 0.5200 | 0.9639 | 0.9445
 34 | 0.9400 | 0.9763 | 0.1687
 35 | 0.8300 | 0.6926 | 0.0002
 36 | 0.8800 | 0.7702 | 0.0006
 37 | 0.8400 | 0.9723 | 0.4204
 38 | 0.9600 | 0.9620 | 0.0903
 39 | 0.8400 | 0.9705 | 0.3262
 40 | 0.8200 | 0.9241 | 0.3775
 41 | 0.9100 | 0.9665 | 0.1912
 42 | 0.9700 | 0.9597 | 0.0589
 43 | 0.9600 | 0.8633 | 0.0001
 44 | 0.8400 | 0.9345 | 0.3377
 45 | 0.9500 | 0.9306 | 0.0843
 46 | 0.9800 | 0.9269 | 0.0685
 47 | 0.9600 | 0.8820 | 0.0016
 48 | 0.9100 | 0.9635 | 0.1668
 49 | 0.9200 | 0.8230 | 0.0006
 50 | 0.9400 | 0.9610 | 0.2124

Summary Statistics:
Accuracy: 0.8506 ± 0.1265
Avg Perc: 0.9137 ± 0.0954
Avg Non-Perc: 0.2867 ± 0.3108
==================================================



