========================================
Critical Point Analysis (DIM=3)
========================================

p_c values from each run:
Run 1: 0.575758
Run 2: 0.626263
Run 3: 0.555556
Run 4: 0.606061
Run 5: 0.595960
Run 6: 0.545455
Run 7: 0.595960
Run 8: 0.595960
Run 9: 0.565657
Run 10: 0.595960
Run 11: 0.555556
Run 12: 0.565657
Run 13: 0.565657
Run 14: 0.585859
Run 15: 0.555556
Run 16: 0.555556
Run 17: 0.555556
Run 18: 0.565657
Run 19: 0.555556
Run 20: 0.585859
Run 21: 0.646465
Run 22: 0.585859
Run 23: 0.585859
Run 24: 0.535354
Run 25: 0.626263
Run 26: 0.565657
Run 27: 0.545455
Run 28: 0.565657
Run 29: 0.565657
Run 30: 0.575758
Run 31: 0.585859
Run 32: 0.595960
Run 33: 0.545455
Run 34: 0.646465
Run 35: 0.555556
Run 36: 0.555556
Run 37: 0.565657
Run 38: 0.585859
Run 39: 0.545455
Run 40: 0.565657
Run 41: 0.545455
Run 42: 0.555556
Run 43: 0.535354
Run 44: 0.585859
Run 45: 0.575758
Run 46: 0.575758
Run 47: 0.555556
Run 48: 0.585859
Run 49: 0.515152
Run 50: 0.575758

Average p_c: 0.573131
Standard deviation: 0.026480

========================================
Test Performance Metrics (DIM=3)
========================================

System: 3^2, p-range: 0.1-0.9
--------------------------------------------------
Run | Accuracy | Avg Perc | Avg Non-Perc
----|----------|----------|------------
  1 | 0.9500 | 0.8558 | 0.0967
  2 | 0.9300 | 0.7606 | 0.0443
  3 | 0.9700 | 0.8694 | 0.0785
  4 | 0.9000 | 0.7419 | 0.0690
  5 | 0.9100 | 0.8180 | 0.1060
  6 | 0.9700 | 0.8998 | 0.1201
  7 | 0.8900 | 0.7708 | 0.0889
  8 | 0.9200 | 0.8097 | 0.1035
  9 | 0.9800 | 0.8721 | 0.0835
 10 | 0.9400 | 0.8326 | 0.0895
 11 | 0.9600 | 0.8943 | 0.1141
 12 | 0.9200 | 0.7866 | 0.0943
 13 | 0.9200 | 0.8577 | 0.1429
 14 | 0.9300 | 0.8021 | 0.0746
 15 | 0.9400 | 0.8743 | 0.0977
 16 | 0.9200 | 0.8387 | 0.1487
 17 | 0.9000 | 0.8077 | 0.1012
 18 | 0.9500 | 0.8584 | 0.0891
 19 | 0.9000 | 0.8043 | 0.1240
 20 | 0.9500 | 0.7808 | 0.1073
 21 | 0.9000 | 0.7269 | 0.0563
 22 | 0.9200 | 0.8246 | 0.1019
 23 | 0.9700 | 0.8686 | 0.0937
 24 | 0.9400 | 0.8886 | 0.1467
 25 | 0.9100 | 0.7776 | 0.0866
 26 | 0.9400 | 0.7871 | 0.0972
 27 | 0.9300 | 0.8389 | 0.1402
 28 | 0.8800 | 0.7410 | 0.0921
 29 | 0.9400 | 0.8487 | 0.0833
 30 | 0.8700 | 0.7927 | 0.1175
 31 | 0.9600 | 0.8598 | 0.0923
 32 | 0.9500 | 0.8093 | 0.0738
 33 | 0.9500 | 0.9096 | 0.1089
 34 | 0.8800 | 0.7178 | 0.0620
 35 | 0.9400 | 0.8831 | 0.0755
 36 | 0.9100 | 0.8361 | 0.1359
 37 | 0.9300 | 0.8521 | 0.1178
 38 | 0.9200 | 0.8141 | 0.1118
 39 | 0.9300 | 0.8368 | 0.0991
 40 | 0.8800 | 0.8111 | 0.1414
 41 | 0.8800 | 0.7558 | 0.1349
 42 | 0.9600 | 0.8694 | 0.1022
 43 | 0.9400 | 0.8570 | 0.1121
 44 | 0.9700 | 0.8332 | 0.0996
 45 | 0.9400 | 0.8379 | 0.0814
 46 | 0.9600 | 0.8199 | 0.0916
 47 | 0.9800 | 0.9059 | 0.1176
 48 | 0.9500 | 0.8510 | 0.1274
 49 | 0.9000 | 0.8839 | 0.1433
 50 | 0.8900 | 0.8331 | 0.1434

Summary Statistics:
Accuracy: 0.9294 ± 0.0287
Avg Perc: 0.8281 ± 0.0470
Avg Non-Perc: 0.1032 ± 0.0246
==================================================

System: 3^3, p-range: 0.1-0.9
--------------------------------------------------
Run | Accuracy | Avg Perc | Avg Non-Perc
----|----------|----------|------------
  1 | 0.9900 | 0.9447 | 0.0152
  2 | 0.9400 | 0.8189 | 0.0079
  3 | 0.9900 | 0.9863 | 0.0363
  4 | 0.9700 | 0.8928 | 0.0297
  5 | 0.9900 | 0.9245 | 0.0197
  6 | 0.9200 | 0.9332 | 0.0935
  7 | 0.9500 | 0.8627 | 0.0140
  8 | 0.9400 | 0.8334 | 0.0280
  9 | 0.9900 | 0.9737 | 0.0041
 10 | 0.9400 | 0.8612 | 0.0351
 11 | 0.9700 | 0.9483 | 0.0469
 12 | 0.9500 | 0.9536 | 0.0734
 13 | 0.9500 | 0.9327 | 0.0602
 14 | 0.9900 | 0.9381 | 0.0236
 15 | 0.9300 | 0.9486 | 0.0903
 16 | 0.9600 | 0.9551 | 0.0564
 17 | 0.9300 | 0.9087 | 0.0742
 18 | 0.9800 | 0.9623 | 0.0381
 19 | 0.9600 | 0.9312 | 0.0472
 20 | 0.9700 | 0.9047 | 0.0133
 21 | 0.9100 | 0.7756 | 0.0019
 22 | 0.9900 | 0.9335 | 0.0087
 23 | 0.9500 | 0.8827 | 0.0148
 24 | 0.9500 | 0.9640 | 0.0979
 25 | 0.9200 | 0.7797 | 0.0103
 26 | 0.9800 | 0.9650 | 0.0443
 27 | 0.9600 | 0.9396 | 0.0602
 28 | 0.9700 | 0.9438 | 0.0594
 29 | 0.9600 | 0.9280 | 0.0378
 30 | 0.9700 | 0.9391 | 0.0347
 31 | 0.9800 | 0.9105 | 0.0196
 32 | 0.9300 | 0.8528 | 0.0302
 33 | 0.9600 | 0.9431 | 0.0405
 34 | 0.8900 | 0.7209 | 0.0015
 35 | 0.9600 | 0.9530 | 0.0640
 36 | 0.9400 | 0.9712 | 0.0929
 37 | 0.9700 | 0.9042 | 0.0230
 38 | 0.9700 | 0.8695 | 0.0115
 39 | 0.9400 | 0.9618 | 0.0889
 40 | 0.9700 | 0.9353 | 0.0347
 41 | 0.9600 | 0.9394 | 0.0585
 42 | 0.9800 | 0.9599 | 0.0570
 43 | 0.9500 | 0.9863 | 0.0667
 44 | 0.9300 | 0.8242 | 0.0508
 45 | 0.9500 | 0.9154 | 0.0450
 46 | 0.9500 | 0.9140 | 0.0378
 47 | 0.9500 | 0.9396 | 0.0562
 48 | 0.9400 | 0.8658 | 0.0191
 49 | 0.9400 | 0.9860 | 0.1043
 50 | 0.9600 | 0.8974 | 0.0303

Summary Statistics:
Accuracy: 0.9558 ± 0.0223
Avg Perc: 0.9143 ± 0.0571
Avg Non-Perc: 0.0422 ± 0.0272
==================================================

System: 3^4, p-range: 0.1-0.9
--------------------------------------------------
Run | Accuracy | Avg Perc | Avg Non-Perc
----|----------|----------|------------
  1 | 0.9900 | 0.9785 | 0.0175
  2 | 0.9500 | 0.8465 | 0.0003
  3 | 0.9700 | 0.9946 | 0.0417
  4 | 0.9500 | 0.8772 | 0.0022
  5 | 0.9300 | 0.8420 | 0.0008
  6 | 0.9100 | 0.9951 | 0.1590
  7 | 0.9500 | 0.8979 | 0.0013
  8 | 0.9900 | 0.9565 | 0.0028
  9 | 1.0000 | 0.9742 | 0.0058
 10 | 0.9300 | 0.8396 | 0.0019
 11 | 0.9600 | 0.9960 | 0.0658
 12 | 0.9900 | 0.9836 | 0.0164
 13 | 0.9700 | 0.9902 | 0.0540
 14 | 0.9800 | 0.9534 | 0.0040
 15 | 0.9900 | 0.9961 | 0.0324
 16 | 0.9700 | 0.9927 | 0.0462
 17 | 0.9900 | 0.9905 | 0.0215
 18 | 0.9500 | 0.9770 | 0.0600
 19 | 0.9500 | 0.9713 | 0.0692
 20 | 0.9600 | 0.9275 | 0.0050
 21 | 0.8900 | 0.7077 | 0.0004
 22 | 0.9900 | 0.9739 | 0.0115
 23 | 0.9900 | 0.9618 | 0.0065
 24 | 0.9600 | 0.9958 | 0.0894
 25 | 0.9700 | 0.8752 | 0.0008
 26 | 0.9600 | 0.9822 | 0.0482
 27 | 0.9400 | 0.9665 | 0.0906
 28 | 0.9900 | 0.9733 | 0.0022
 29 | 0.9800 | 0.9589 | 0.0107
 30 | 0.9800 | 0.9649 | 0.0079
 31 | 0.9600 | 0.9496 | 0.0179
 32 | 0.9600 | 0.9077 | 0.0014
 33 | 0.9600 | 0.9980 | 0.0629
 34 | 0.8500 | 0.6508 | 0.0004
 35 | 0.9900 | 0.9965 | 0.0257
 36 | 0.9600 | 0.9864 | 0.0694
 37 | 0.9900 | 0.9940 | 0.0271
 38 | 0.9800 | 0.9289 | 0.0022
 39 | 0.9800 | 0.9979 | 0.0493
 40 | 0.9800 | 0.9815 | 0.0299
 41 | 0.9800 | 0.9938 | 0.0314
 42 | 0.9700 | 0.9915 | 0.0614
 43 | 0.9400 | 0.9953 | 0.0899
 44 | 0.9800 | 0.9651 | 0.0180
 45 | 0.9900 | 0.9689 | 0.0093
 46 | 0.9900 | 0.9757 | 0.0168
 47 | 0.9600 | 0.9961 | 0.0599
 48 | 0.9500 | 0.8842 | 0.0013
 49 | 0.8900 | 0.9956 | 0.1885
 50 | 0.9900 | 0.9566 | 0.0098

Summary Statistics:
Accuracy: 0.9636 ± 0.0296
Avg Perc: 0.9491 ± 0.0704
Avg Non-Perc: 0.0330 ± 0.0395
==================================================



========================================
Critical Point Analysis (DIM=4)
========================================

p_c values from each run:
Run 1: 0.606061
Run 2: 0.606061
Run 3: 0.575758
Run 4: 0.585859
Run 5: 0.595960
Run 6: 0.575758
Run 7: 0.565657
Run 8: 0.565657
Run 9: 0.616162
Run 10: 0.575758
Run 11: 0.575758
Run 12: 0.585859
Run 13: 0.565657
Run 14: 0.575758
Run 15: 0.575758
Run 16: 0.595960
Run 17: 0.525253
Run 18: 0.555556
Run 19: 0.565657
Run 20: 0.555556
Run 21: 0.585859
Run 22: 0.565657
Run 23: 0.595960
Run 24: 0.606061
Run 25: 0.595960
Run 26: 0.626263
Run 27: 0.606061
Run 28: 0.525253
Run 29: 0.585859
Run 30: 0.565657
Run 31: 0.525253
Run 32: 0.585859
Run 33: 0.585859
Run 34: 0.595960
Run 35: 0.595960
Run 36: 0.585859
Run 37: 0.595960
Run 38: 0.595960
Run 39: 0.606061
Run 40: 0.565657
Run 41: 0.565657
Run 42: 0.565657
Run 43: 0.555556
Run 44: 0.575758
Run 45: 0.555556
Run 46: 0.555556
Run 47: 0.606061
Run 48: 0.535354
Run 49: 0.585859
Run 50: 0.585859

Average p_c: 0.578586
Standard deviation: 0.022680

========================================
Test Performance Metrics (DIM=4)
========================================

System: 3^2, p-range: 0.1-0.9
--------------------------------------------------
Run | Accuracy | Avg Perc | Avg Non-Perc
----|----------|----------|------------
  1 | 0.9500 | 0.8128 | 0.0828
  2 | 0.9600 | 0.7974 | 0.0856
  3 | 0.9900 | 0.8921 | 0.0786
  4 | 0.9300 | 0.8690 | 0.1147
  5 | 0.9400 | 0.8403 | 0.1048
  6 | 0.9400 | 0.8836 | 0.1193
  7 | 0.9500 | 0.8554 | 0.1138
  8 | 0.9900 | 0.9110 | 0.0908
  9 | 0.9400 | 0.7952 | 0.0957
 10 | 0.9700 | 0.8496 | 0.0700
 11 | 0.9100 | 0.8569 | 0.1376
 12 | 0.9500 | 0.8230 | 0.0658
 13 | 0.9700 | 0.8873 | 0.0681
 14 | 0.9700 | 0.8932 | 0.0946
 15 | 0.9400 | 0.8189 | 0.0935
 16 | 0.9800 | 0.8469 | 0.0737
 17 | 0.9300 | 0.9322 | 0.1447
 18 | 0.9500 | 0.8627 | 0.0899
 19 | 0.9600 | 0.8429 | 0.0831
 20 | 0.9500 | 0.8701 | 0.0946
 21 | 0.9500 | 0.8341 | 0.0867
 22 | 0.9400 | 0.8409 | 0.1280
 23 | 0.9700 | 0.8798 | 0.0919
 24 | 0.9300 | 0.8664 | 0.1217
 25 | 0.9800 | 0.8565 | 0.1030
 26 | 0.9600 | 0.8124 | 0.0912
 27 | 0.9400 | 0.7950 | 0.0652
 28 | 0.9000 | 0.8859 | 0.1533
 29 | 0.9700 | 0.8533 | 0.0762
 30 | 0.9300 | 0.8505 | 0.1324
 31 | 0.9700 | 0.9220 | 0.1110
 32 | 0.9600 | 0.8508 | 0.0977
 33 | 0.9400 | 0.8332 | 0.1066
 34 | 0.9300 | 0.8340 | 0.0842
 35 | 0.9400 | 0.8386 | 0.0816
 36 | 0.9700 | 0.8689 | 0.0782
 37 | 0.9500 | 0.8167 | 0.0929
 38 | 0.9300 | 0.8363 | 0.0986
 39 | 0.9600 | 0.8418 | 0.0739
 40 | 0.9800 | 0.8740 | 0.1019
 41 | 0.9900 | 0.8798 | 0.0571
 42 | 0.9400 | 0.8418 | 0.1314
 43 | 0.9300 | 0.9039 | 0.1421
 44 | 0.9400 | 0.8733 | 0.1331
 45 | 0.9700 | 0.8636 | 0.0934
 46 | 0.9700 | 0.8642 | 0.0925
 47 | 0.9700 | 0.8516 | 0.0412
 48 | 0.9600 | 0.9212 | 0.1302
 49 | 0.9300 | 0.8295 | 0.0936
 50 | 0.9400 | 0.8467 | 0.0747

Summary Statistics:
Accuracy: 0.9522 ± 0.0201
Avg Perc: 0.8561 ± 0.0318
Avg Non-Perc: 0.0973 ± 0.0242
==================================================

System: 3^3, p-range: 0.1-0.9
--------------------------------------------------
Run | Accuracy | Avg Perc | Avg Non-Perc
----|----------|----------|------------
  1 | 0.9900 | 0.9320 | 0.0164
  2 | 0.9400 | 0.8492 | 0.0062
  3 | 1.0000 | 0.9534 | 0.0052
  4 | 0.9900 | 0.9133 | 0.0198
  5 | 0.9800 | 0.9307 | 0.0247
  6 | 0.9200 | 0.9476 | 0.1124
  7 | 0.9600 | 0.9698 | 0.0534
  8 | 0.9600 | 0.9615 | 0.0642
  9 | 1.0000 | 0.9812 | 0.0028
 10 | 0.9900 | 0.9746 | 0.0313
 11 | 0.9700 | 0.9421 | 0.0429
 12 | 1.0000 | 0.9519 | 0.0166
 13 | 0.9900 | 0.9789 | 0.0309
 14 | 0.9900 | 0.9352 | 0.0141
 15 | 0.9700 | 0.9250 | 0.0325
 16 | 1.0000 | 0.9458 | 0.0039
 17 | 0.8900 | 0.9899 | 0.1557
 18 | 0.9700 | 0.9835 | 0.0383
 19 | 0.9700 | 0.9756 | 0.0487
 20 | 0.9800 | 0.9729 | 0.0440
 21 | 0.9700 | 0.9471 | 0.0539
 22 | 0.9800 | 0.9676 | 0.0331
 23 | 0.9800 | 0.9363 | 0.0270
 24 | 0.9500 | 0.8849 | 0.0127
 25 | 1.0000 | 0.9486 | 0.0141
 26 | 0.9600 | 0.8736 | 0.0134
 27 | 0.9400 | 0.8676 | 0.0138
 28 | 0.9300 | 0.9902 | 0.1142
 29 | 0.9800 | 0.9537 | 0.0296
 30 | 0.9600 | 0.9721 | 0.0576
 31 | 0.9200 | 0.9923 | 0.1397
 32 | 0.9700 | 0.9549 | 0.0328
 33 | 0.9800 | 0.9449 | 0.0334
 34 | 0.9700 | 0.9013 | 0.0089
 35 | 0.9900 | 0.9400 | 0.0031
 36 | 1.0000 | 0.9716 | 0.0285
 37 | 0.9700 | 0.9222 | 0.0124
 38 | 0.9800 | 0.9245 | 0.0138
 39 | 0.9900 | 0.9198 | 0.0172
 40 | 1.0000 | 0.9595 | 0.0210
 41 | 0.9700 | 0.9436 | 0.0292
 42 | 0.9800 | 0.9708 | 0.0498
 43 | 0.9700 | 0.9599 | 0.0636
 44 | 0.9600 | 0.9454 | 0.0555
 45 | 0.9600 | 0.9896 | 0.0571
 46 | 0.9600 | 0.9744 | 0.0664
 47 | 0.9700 | 0.9350 | 0.0146
 48 | 0.9600 | 0.9668 | 0.0740
 49 | 0.9900 | 0.9554 | 0.0327
 50 | 0.9700 | 0.9379 | 0.0145

Summary Statistics:
Accuracy: 0.9714 ± 0.0229
Avg Perc: 0.9473 ± 0.0315
Avg Non-Perc: 0.0380 ± 0.0333
==================================================

System: 3^4, p-range: 0.1-0.9
--------------------------------------------------
Run | Accuracy | Avg Perc | Avg Non-Perc
----|----------|----------|------------
  1 | 0.9600 | 0.8870 | 0.0024
  2 | 0.9800 | 0.9233 | 0.0087
  3 | 0.9900 | 0.9809 | 0.0383
  4 | 0.9900 | 0.9830 | 0.0149
  5 | 0.9900 | 0.9653 | 0.0004
  6 | 0.9900 | 0.9650 | 0.0054
  7 | 0.9900 | 0.9915 | 0.0231
  8 | 0.9900 | 0.9899 | 0.0170
  9 | 0.9800 | 0.9382 | 0.0004
 10 | 0.9900 | 0.9883 | 0.0252
 11 | 0.9800 | 0.9792 | 0.0313
 12 | 1.0000 | 0.9921 | 0.0031
 13 | 0.9500 | 0.9923 | 0.0712
 14 | 0.9800 | 0.9925 | 0.0245
 15 | 0.9900 | 0.9786 | 0.0094
 16 | 0.9900 | 0.9386 | 0.0006
 17 | 0.8800 | 0.9955 | 0.2123
 18 | 0.9800 | 0.9929 | 0.0321
 19 | 0.9800 | 0.9879 | 0.0431
 20 | 0.9600 | 0.9910 | 0.0522
 21 | 1.0000 | 0.9802 | 0.0016
 22 | 0.9700 | 0.9946 | 0.0389
 23 | 0.9900 | 0.9599 | 0.0008
 24 | 0.9700 | 0.9103 | 0.0005
 25 | 0.9800 | 0.9322 | 0.0014
 26 | 0.9700 | 0.9042 | 0.0014
 27 | 0.9700 | 0.9197 | 0.0008
 28 | 0.9400 | 0.9950 | 0.1141
 29 | 0.9900 | 0.9756 | 0.0182
 30 | 0.9900 | 0.9799 | 0.0101
 31 | 0.9300 | 0.9960 | 0.1065
 32 | 0.9900 | 0.9899 | 0.0180
 33 | 0.9900 | 0.9908 | 0.0138
 34 | 0.9600 | 0.9196 | 0.0012
 35 | 0.9800 | 0.9405 | 0.0015
 36 | 1.0000 | 0.9857 | 0.0013
 37 | 1.0000 | 0.9644 | 0.0030
 38 | 0.9700 | 0.9103 | 0.0007
 39 | 0.9800 | 0.9507 | 0.0008
 40 | 0.9900 | 0.9822 | 0.0187
 41 | 0.9900 | 0.9837 | 0.0171
 42 | 0.9800 | 0.9943 | 0.0363
 43 | 1.0000 | 0.9937 | 0.0030
 44 | 0.9900 | 0.9898 | 0.0208
 45 | 0.9100 | 0.9949 | 0.1313
 46 | 0.9700 | 0.9880 | 0.0616
 47 | 0.9800 | 0.9379 | 0.0008
 48 | 0.9300 | 0.9888 | 0.1126
 49 | 0.9700 | 0.9487 | 0.0149
 50 | 1.0000 | 0.9744 | 0.0089

Summary Statistics:
Accuracy: 0.9764 ± 0.0236
Avg Perc: 0.9686 ± 0.0294
Avg Non-Perc: 0.0275 ± 0.0415
==================================================



